36 0.120904 0.290534 0.049474 0.061633
1 0.159477 0.374808 0.037735 0.059118
2 0.209790 0.371663 0.041089 0.062891
3 0.258425 0.376065 0.041089 0.064149
4 0.305803 0.376694 0.036896 0.060375
5 0.356116 0.382355 0.031865 0.066664
6 0.409783 0.382983 0.035219 0.065407
7 0.457580 0.382355 0.041927 0.054086
8 0.504120 0.384241 0.031026 0.062891
9 0.555271 0.389901 0.036058 0.076727
0 0.606422 0.385499 0.034380 0.060375
43 0.782098 0.398706 0.080501 0.051571
37 0.117130 0.449858 0.062052 0.054086
38 0.118807 0.526585 0.073792 0.064149
26 0.177506 0.446084 0.035219 0.056602
32 0.236204 0.459291 0.040250 0.077985
14 0.281905 0.450486 0.044443 0.060375
27 0.330960 0.454889 0.036896 0.054086
29 0.381272 0.450486 0.038573 0.052828
34 0.432843 0.456147 0.036058 0.054086
30 0.479802 0.459920 0.032703 0.059118
18 0.533888 0.460549 0.040250 0.057860
24 0.582104 0.459920 0.036058 0.054086
25 0.636191 0.460549 0.043604 0.060375
42 0.780002 0.544194 0.104818 0.054086
10 0.191342 0.527213 0.046120 0.057860
28 0.240397 0.524069 0.040250 0.051571
13 0.288613 0.526585 0.032703 0.061633
15 0.341022 0.527842 0.035219 0.059118
16 0.390077 0.530358 0.036058 0.056602
17 0.441229 0.532874 0.034380 0.051571
19 0.491122 0.533503 0.038573 0.057860
20 0.542273 0.536647 0.040250 0.056602
21 0.594683 0.539163 0.039412 0.051571
39 0.125935 0.594507 0.084693 0.046539
35 0.209790 0.593249 0.037735 0.064149
33 0.264295 0.602683 0.042766 0.055344
12 0.314189 0.606456 0.031865 0.050313
31 0.367436 0.607714 0.034380 0.065407
11 0.411879 0.608972 0.041089 0.050313
23 0.463869 0.611487 0.042766 0.070438
22 0.515859 0.607085 0.037735 0.059118
39 0.767423 0.619663 0.138360 0.061633
40 0.099101 0.671863 0.046120 0.070438
41 0.228657 0.680668 0.050313 0.057860
44 0.426973 0.690730 0.304393 0.070438
41 0.611034 0.692617 0.046959 0.066664
40 0.808931 0.701422 0.045282 0.066664
