36 0.084846 0.216951 0.047797 0.090563
1 0.155284 0.346507 0.054506 0.088047
2 0.236204 0.342733 0.051990 0.090563
3 0.311254 0.348393 0.056183 0.084274
4 0.390496 0.349651 0.045282 0.069180
5 0.469739 0.355311 0.046120 0.070438
6 0.546047 0.350909 0.052828 0.091821
7 0.624451 0.343362 0.046959 0.081758
8 0.696985 0.348393 0.052828 0.084274
9 0.776647 0.350909 0.044443 0.086790
0 0.853374 0.341475 0.050313 0.083016
37 0.100778 0.469773 0.104818 0.088047
26 0.201404 0.461597 0.061214 0.091821
32 0.271423 0.458453 0.053667 0.085532
14 0.352343 0.463484 0.052828 0.088047
27 0.429908 0.462855 0.050313 0.106915
29 0.509151 0.459710 0.046120 0.083016
34 0.584620 0.456566 0.062891 0.076727
30 0.662186 0.467257 0.053667 0.090563
18 0.741848 0.458453 0.053667 0.090563
24 0.813963 0.456566 0.046959 0.089305
25 0.893205 0.460339 0.046120 0.086790
38 0.109164 0.583606 0.104818 0.059118
10 0.213563 0.572914 0.055344 0.088047
28 0.299095 0.576059 0.045282 0.074211
13 0.377499 0.573543 0.051151 0.081758
15 0.447518 0.572914 0.057021 0.075469
16 0.525083 0.577317 0.057860 0.079243
17 0.602649 0.575430 0.040250 0.083016
19 0.681053 0.573543 0.049474 0.094337
20 0.757361 0.566625 0.042766 0.088047
21 0.837442 0.574801 0.048636 0.099368
39 0.123419 0.694923 0.133329 0.100626
35 0.253394 0.696810 0.064568 0.096852
33 0.335572 0.684860 0.051151 0.083016
12 0.410622 0.684860 0.055344 0.090563
31 0.485672 0.690521 0.061214 0.084274
11 0.571203 0.694923 0.054506 0.088047
23 0.647930 0.691149 0.058698 0.090563
22 0.726754 0.691149 0.050313 0.072954
40 0.084008 0.819447 0.062891 0.090563
41 0.281905 0.819447 0.056183 0.090563
44 0.562818 0.810642 0.413404 0.088047
41 0.872242 0.816931 0.071276 0.085532
