36 0.052604 0.299653 0.038542 0.031250
1 0.142448 0.310069 0.035938 0.036806
2 0.226302 0.317361 0.043229 0.038889
3 0.303385 0.321528 0.039063 0.034722
4 0.375000 0.327778 0.035417 0.034722
5 0.442708 0.334375 0.034375 0.031250
6 0.506250 0.339931 0.031250 0.028472
7 0.564323 0.344097 0.030729 0.028472
8 0.619271 0.348264 0.031250 0.028472
9 0.671354 0.353472 0.030208 0.030556
0 0.719010 0.356944 0.027604 0.029167
37 0.076302 0.413194 0.039063 0.029167
32 0.258073 0.418056 0.029688 0.040278
14 0.329688 0.421875 0.021875 0.035417
27 0.401563 0.424306 0.021875 0.031944
29 0.466667 0.426042 0.016667 0.029861
30 0.584635 0.429861 0.019271 0.029167
25 0.747135 0.434375 0.038021 0.031250
10 0.195313 0.518056 0.021875 0.036111
28 0.275260 0.518056 0.022396 0.036111
0 0.350260 0.515625 0.019271 0.031250
16 0.484375 0.512847 0.018750 0.028472
20 0.652604 0.511111 0.015625 0.027778
12 0.390365 0.608681 0.023438 0.036806
8 0.520052 0.600694 0.023438 0.033333
23 0.578385 0.597917 0.026563 0.034722
22 0.634896 0.593750 0.026042 0.034722
39 0.121094 0.625694 0.051563 0.036111
41 0.277865 0.712847 0.030729 0.034028
38 0.094985 0.524646 0.077139 0.047588
40 0.063323 0.744165 0.046053 0.044518
40 0.824351 0.655897 0.025329 0.030702
41 0.731669 0.666643 0.028783 0.039913
35 0.240627 0.620590 0.034540 0.039913
33 0.320069 0.619822 0.034540 0.053729
31 0.458804 0.609844 0.033389 0.042983
15 0.421386 0.520808 0.036842 0.061404
34 0.533065 0.432539 0.025329 0.044518
18 0.644168 0.437912 0.037994 0.049123
24 0.696553 0.443285 0.029935 0.047588
19 0.605023 0.520040 0.035691 0.041448
17 0.544578 0.517738 0.034540 0.049123
21 0.707491 0.514667 0.033389 0.046053
39 0.853709 0.585282 0.058718 0.033772
42 0.877312 0.515435 0.055264 0.038378
43 0.876160 0.375741 0.055264 0.047588
26 0.181910 0.417956 0.036842 0.049123
44 0.523854 0.714998 0.370727 0.053729
