36 0.131422 0.217584 0.044716 0.049056
1 0.167365 0.318840 0.047546 0.093080
2 0.226515 0.311293 0.049245 0.105659
3 0.284533 0.308777 0.040754 0.100627
4 0.344815 0.311293 0.046980 0.100627
5 0.401135 0.304375 0.035094 0.091822
6 0.460002 0.302488 0.041886 0.088049
7 0.519152 0.298714 0.044716 0.100627
8 0.576887 0.299972 0.041320 0.090565
9 0.638584 0.293683 0.042452 0.090565
0 0.695470 0.291167 0.046414 0.103143
43 0.872355 0.284249 0.059433 0.094338
37 0.126611 0.449026 0.050943 0.104401
26 0.187742 0.445253 0.045282 0.091822
32 0.247175 0.443995 0.044150 0.106916
14 0.302363 0.438335 0.039056 0.095596
27 0.365475 0.433932 0.041886 0.086791
29 0.424342 0.429530 0.050943 0.110690
34 0.484341 0.429530 0.050943 0.110690
30 0.544907 0.428272 0.045282 0.093080
18 0.603491 0.421983 0.050377 0.105659
24 0.663490 0.423870 0.044716 0.096854
25 0.720376 0.418838 0.044150 0.094338
42 0.879713 0.542736 0.068490 0.098112
38 0.130290 0.583615 0.069622 0.096854
10 0.202742 0.574182 0.042452 0.083018
28 0.259345 0.569150 0.050377 0.100627
13 0.324155 0.571037 0.055471 0.104401
15 0.381324 0.562861 0.048679 0.093080
16 0.442172 0.561603 0.041320 0.103143
17 0.502454 0.558459 0.049811 0.099369
19 0.562170 0.555943 0.052641 0.104401
20 0.626415 0.552798 0.048679 0.098112
21 0.683584 0.549654 0.049811 0.114464
39 0.141894 0.716946 0.098489 0.104401
35 0.226232 0.703739 0.054339 0.105659
33 0.289061 0.704368 0.048679 0.099369
12 0.351041 0.706255 0.049245 0.103143
31 0.410758 0.701223 0.052075 0.105659
11 0.473587 0.693048 0.049811 0.101885
23 0.532737 0.696192 0.048113 0.115721
22 0.594717 0.688645 0.046414 0.110690
39 0.866694 0.674180 0.110376 0.104401
40 0.166799 0.870403 0.047546 0.149683
44 0.472738 0.854051 0.292637 0.124526
41 0.725187 0.814429 0.044716 0.080502
41 0.229911 0.834555 0.040188 0.077986
