5 0.041944 0.285149 0.043853 0.067867
6 0.118512 0.283583 0.061951 0.073088
7 0.190556 0.285149 0.048725 0.080397
8 0.262252 0.283583 0.050117 0.079353
9 0.333252 0.291936 0.050117 0.081441
0 0.404948 0.288804 0.050117 0.075176
43 0.673633 0.289848 0.125294 0.077264
29 0.080576 0.394781 0.041765 0.088750
34 0.154708 0.396869 0.064735 0.078309
30 0.225360 0.395303 0.041765 0.075176
18 0.305757 0.399480 0.052206 0.085617
24 0.374668 0.395303 0.052206 0.081441
25 0.440447 0.404700 0.045941 0.087706
42 0.655535 0.508589 0.141999 0.072044
15 0.024542 0.503891 0.041068 0.075176
16 0.103547 0.496060 0.050117 0.072044
17 0.178723 0.499715 0.058470 0.066823
19 0.250071 0.501803 0.053598 0.075176
20 0.318982 0.503891 0.046637 0.075176
21 0.391026 0.505979 0.048725 0.073088
31 0.058998 0.619266 0.052902 0.065779
11 0.135566 0.620832 0.050117 0.075176
23 0.208306 0.617177 0.041068 0.076220
22 0.280350 0.620832 0.051510 0.075176
39 0.642657 0.618743 0.180284 0.079353
40 0.699736 0.725765 0.073088 0.090838
41 0.420261 0.727853 0.072392 0.072044
44 0.179419 0.735162 0.359175 0.097103
