0 0.932270 0.339926 0.045513 0.081013
1 0.229544 0.339926 0.067360 0.086475
2 0.306310 0.340381 0.049761 0.081923
3 0.384289 0.343567 0.049154 0.095577
4 0.461359 0.341746 0.041872 0.095577
5 0.532966 0.340836 0.051582 0.084654
6 0.623690 0.341291 0.047334 0.069180
7 0.698938 0.341291 0.040052 0.096488
8 0.779042 0.334919 0.058257 0.087385
9 0.857325 0.339015 0.050975 0.079193
10 0.282643 0.581600 0.053402 0.069180
11 0.640378 0.697658 0.046727 0.081013
12 0.490184 0.698568 0.055830 0.084654
13 0.446491 0.577959 0.053402 0.087385
14 0.418576 0.454619 0.043693 0.086475
15 0.523864 0.582510 0.047941 0.071000
16 0.600933 0.576593 0.049154 0.079193
17 0.688319 0.581600 0.067360 0.094667
18 0.814846 0.450067 0.054616 0.062808
19 0.765995 0.581600 0.046727 0.091026
20 0.845188 0.582510 0.055830 0.071000
21 0.921954 0.573408 0.056437 0.080103
22 0.801495 0.699024 0.046120 0.094667
23 0.717751 0.700389 0.064326 0.088295
24 0.901625 0.460080 0.060685 0.081013
25 0.971412 0.461901 0.047334 0.079193
26 0.265348 0.462356 0.047941 0.087385
27 0.502017 0.454619 0.050368 0.097398
28 0.361836 0.578414 0.055223 0.084654
29 0.583941 0.460990 0.061291 0.095577
30 0.738080 0.462356 0.049154 0.076462
31 0.560274 0.702665 0.064932 0.098308
32 0.342720 0.460535 0.053402 0.081923
33 0.397337 0.699024 0.046120 0.083744
34 0.661921 0.465542 0.061898 0.088295
35 0.328156 0.697658 0.052189 0.097398
36 0.147620 0.207938 0.060078 0.084654
37 0.163094 0.466907 0.091027 0.085565
38 0.169770 0.583420 0.108018 0.087385
39 0.190706 0.701754 0.159600 0.096488
40 0.150654 0.821909 0.072215 0.089206
41 0.350003 0.825095 0.074035 0.095577
41 0.958061 0.815992 0.071608 0.095577
44 0.657066 0.825095 0.484262 0.095577
