36 0.098682 0.281100 0.046959 0.057860
1 0.141448 0.360343 0.036896 0.067922
2 0.191342 0.360343 0.042766 0.062891
3 0.243751 0.364116 0.040250 0.047797
4 0.291967 0.366003 0.036058 0.064149
5 0.348988 0.368518 0.039412 0.056602
6 0.397205 0.370405 0.035219 0.060375
7 0.447518 0.368518 0.036896 0.064149
8 0.496153 0.367261 0.038573 0.059118
9 0.550240 0.373550 0.039412 0.066664
0 0.604326 0.374179 0.040250 0.050313
43 0.781259 0.385499 0.078823 0.052828
42 0.778324 0.530777 0.091402 0.064149
37 0.097424 0.436441 0.064568 0.059118
26 0.164508 0.435812 0.036058 0.047797
32 0.218594 0.443988 0.036896 0.064149
14 0.271423 0.442101 0.031865 0.067922
27 0.320897 0.439585 0.041927 0.060375
29 0.373306 0.436441 0.046120 0.059118
34 0.421942 0.444617 0.041089 0.062891
30 0.469320 0.448390 0.033542 0.060375
18 0.525503 0.450277 0.038573 0.056602
24 0.576654 0.450277 0.033542 0.056602
25 0.628225 0.450277 0.041089 0.056602
38 0.102875 0.518828 0.067084 0.055344
10 0.175828 0.513797 0.038573 0.062891
28 0.225722 0.517570 0.052828 0.065407
13 0.278970 0.521344 0.033542 0.065407
15 0.332217 0.521973 0.039412 0.064149
16 0.381692 0.521344 0.037735 0.072954
17 0.428650 0.517570 0.039412 0.060375
19 0.484833 0.525746 0.039412 0.056602
20 0.538919 0.528891 0.038573 0.062891
21 0.587974 0.530148 0.032703 0.057860
39 0.107906 0.593039 0.085532 0.067922
35 0.198469 0.590524 0.030188 0.060375
33 0.248363 0.593039 0.039412 0.052828
12 0.304965 0.594926 0.038573 0.061633
31 0.354439 0.596813 0.038573 0.052828
11 0.404752 0.599957 0.033542 0.054086
23 0.459257 0.596813 0.041927 0.050313
22 0.511667 0.601215 0.037735 0.056602
39 0.760715 0.613793 0.129975 0.056602
40 0.083588 0.670395 0.046959 0.059118
41 0.216917 0.677942 0.045282 0.051571
44 0.408525 0.681716 0.314455 0.074211
41 0.603487 0.681716 0.038573 0.049055
40 0.807254 0.695552 0.050313 0.056602
