36 0.063021 0.241319 0.020833 0.024306
1 0.117448 0.245370 0.009896 0.023148
2 0.182813 0.246528 0.028125 0.039352
3 0.242969 0.245370 0.026563 0.032407
4 0.301563 0.246528 0.023958 0.034722
5 0.361719 0.247106 0.025521 0.033565
6 0.421354 0.247106 0.025000 0.033565
7 0.479688 0.248264 0.026042 0.028935
8 0.538021 0.249421 0.025000 0.033565
9 0.590104 0.248264 0.013542 0.026620
14 0.265104 0.379051 0.015625 0.033565
27 0.325000 0.378472 0.017708 0.037037
29 0.384115 0.379630 0.013021 0.032407
30 0.501042 0.379051 0.012500 0.031250
25 0.674479 0.377894 0.012500 0.033565
38 0.085677 0.510995 0.031771 0.035880
10 0.159896 0.508681 0.011458 0.031250
28 0.219271 0.510417 0.013542 0.034722
13 0.279948 0.509259 0.013021 0.030093
15 0.338281 0.508681 0.011979 0.031250
17 0.457552 0.509259 0.013021 0.032407
42 0.848438 0.506366 0.028125 0.024306
39 0.105469 0.643519 0.030729 0.027778
11 0.428385 0.640625 0.013021 0.033565
23 0.488021 0.640046 0.016667 0.037037
22 0.547917 0.638889 0.018750 0.039352
39 0.817708 0.636574 0.029167 0.027778
41 0.216667 0.769676 0.019792 0.027778
41 0.659115 0.765046 0.018229 0.030093
37 0.081515 0.378811 0.030395 0.038378
26 0.149213 0.378043 0.022106 0.046053
32 0.208277 0.380346 0.020033 0.041448
34 0.443495 0.382649 0.022106 0.039913
0 0.651771 0.254467 0.033849 0.047588
43 0.854176 0.269818 0.089113 0.084431
21 0.635537 0.529251 0.038685 0.084431
24 0.621376 0.382649 0.025560 0.061404
18 0.564385 0.395697 0.023487 0.062939
20 0.573711 0.517738 0.029704 0.082896
19 0.525009 0.537694 0.045593 0.095176
33 0.249379 0.647454 0.024869 0.044518
12 0.309824 0.645151 0.026941 0.049123
31 0.368543 0.648989 0.021415 0.053729
40 0.063554 0.774100 0.033158 0.046053
40 0.775079 0.767960 0.027632 0.064474
44 0.440041 0.794824 0.360598 0.099782
35 0.195151 0.650524 0.032468 0.075220
16 0.403428 0.516203 0.033158 0.064474
