6 0.121742 0.279842 0.054506 0.083016
5 0.051304 0.278584 0.044443 0.075469
7 0.193857 0.276698 0.042766 0.076727
8 0.267230 0.277955 0.058698 0.079243
9 0.343957 0.273553 0.054506 0.070438
0 0.415653 0.274811 0.048636 0.070438
43 0.674764 0.285502 0.125782 0.076727
29 0.089039 0.383612 0.052828 0.081758
34 0.161992 0.389901 0.057860 0.079243
30 0.237462 0.388015 0.052828 0.095594
18 0.309996 0.389273 0.062052 0.083016
24 0.380853 0.389901 0.051151 0.079243
25 0.454645 0.388015 0.057860 0.085532
15 0.034533 0.491156 0.047797 0.093079
16 0.108325 0.496816 0.061214 0.074211
17 0.177086 0.495768 0.044443 0.070438
19 0.248782 0.491995 0.050313 0.085532
20 0.321736 0.491366 0.046959 0.071696
21 0.394270 0.493881 0.062891 0.086790
39 0.641222 0.612745 0.171064 0.072954
31 0.066398 0.604569 0.047797 0.071696
11 0.141029 0.605198 0.042766 0.080501
23 0.212725 0.606456 0.055344 0.080501
22 0.285259 0.602054 0.042766 0.079243
41 0.423200 0.725320 0.062052 0.076727
44 0.178344 0.716515 0.347158 0.084274
40 0.699082 0.727207 0.060375 0.090563
39 0.664282 0.506459 0.143392 0.076727
