36 0.144802 0.216322 0.063730 0.091821
1 0.217756 0.344620 0.046959 0.091821
2 0.294902 0.338960 0.053667 0.077985
3 0.375822 0.347764 0.056183 0.085532
4 0.450453 0.344620 0.051151 0.101883
5 0.526760 0.330784 0.052828 0.094337
6 0.611034 0.337702 0.057021 0.083016
7 0.692793 0.340218 0.044443 0.080501
8 0.769939 0.342104 0.054506 0.104399
9 0.849601 0.339589 0.042766 0.069180
0 0.937229 0.344620 0.058698 0.091821
37 0.159058 0.470402 0.100626 0.079243
26 0.257168 0.466000 0.053667 0.075469
32 0.338507 0.461597 0.048636 0.086790
14 0.416911 0.454679 0.047797 0.083016
27 0.497411 0.460968 0.059537 0.090563
29 0.580427 0.450277 0.057860 0.081758
34 0.655058 0.458453 0.056183 0.070438
30 0.729269 0.459711 0.058698 0.088047
18 0.809351 0.456566 0.054506 0.081758
24 0.887755 0.451535 0.048636 0.084274
25 0.970352 0.457195 0.051151 0.083016
38 0.158219 0.579832 0.102303 0.079243
10 0.273938 0.571028 0.048636 0.059118
28 0.351085 0.576059 0.053667 0.094337
13 0.434939 0.571657 0.057021 0.085532
15 0.511247 0.566625 0.055344 0.113204
16 0.591328 0.570399 0.051151 0.100626
17 0.676860 0.569141 0.054506 0.090563
19 0.754007 0.574801 0.046120 0.071696
20 0.835346 0.571657 0.056183 0.080501
21 0.911234 0.573543 0.048636 0.074211
39 0.170378 0.704357 0.108173 0.081758
35 0.315447 0.698696 0.057860 0.075469
33 0.393851 0.698696 0.043604 0.088047
12 0.470578 0.697439 0.056183 0.085532
31 0.559883 0.692407 0.060375 0.088047
11 0.633256 0.698067 0.046120 0.091821
23 0.720045 0.698067 0.058698 0.084274
22 0.790064 0.690521 0.051151 0.091821
44 0.643318 0.822592 0.462039 0.089305
40 0.135159 0.818189 0.056183 0.088047
41 0.343538 0.821334 0.067084 0.081758
41 0.943937 0.824478 0.067084 0.100626
