1 0.154026 0.407511 0.028511 0.054086
36 0.114195 0.333300 0.034380 0.049055
2 0.203920 0.406253 0.036058 0.051571
3 0.250040 0.406882 0.032703 0.047797
4 0.294902 0.406882 0.031865 0.047797
5 0.341022 0.403737 0.030188 0.051571
6 0.387981 0.404366 0.025156 0.047797
7 0.438294 0.403737 0.033542 0.054086
8 0.484833 0.398706 0.036058 0.054086
9 0.531372 0.401222 0.026834 0.051571
0 0.577492 0.397448 0.026834 0.044024
43 0.748556 0.403109 0.073792 0.040250
37 0.121742 0.481722 0.054506 0.044024
26 0.179602 0.477949 0.034380 0.044024
32 0.224464 0.477320 0.033542 0.052828
14 0.270584 0.474175 0.030188 0.054086
27 0.320059 0.477320 0.031865 0.047797
29 0.363663 0.472918 0.035219 0.051571
34 0.413137 0.472289 0.033542 0.050313
30 0.460096 0.472289 0.035219 0.045282
18 0.507893 0.471660 0.036896 0.044024
24 0.554852 0.467257 0.028511 0.052828
25 0.603068 0.469773 0.034380 0.057860
42 0.742686 0.547758 0.095594 0.050313
38 0.122581 0.556563 0.067922 0.047797
10 0.190503 0.548387 0.034380 0.054086
28 0.234107 0.542727 0.041089 0.047797
13 0.280228 0.545242 0.034380 0.055344
15 0.332217 0.547129 0.036058 0.061633
16 0.377918 0.543356 0.031865 0.046539
17 0.424038 0.544613 0.025156 0.044024
19 0.474351 0.542727 0.036896 0.052828
20 0.519633 0.538324 0.035219 0.056602
21 0.568268 0.539582 0.033542 0.056602
39 0.125935 0.620083 0.084693 0.049055
35 0.206435 0.619454 0.031026 0.045282
33 0.254233 0.620083 0.029349 0.056602
12 0.306223 0.617567 0.029349 0.046539
31 0.351085 0.616938 0.035219 0.050313
11 0.397205 0.611907 0.035219 0.047797
23 0.449614 0.612536 0.027672 0.054086
22 0.496992 0.615051 0.030188 0.056602
39 0.731366 0.613793 0.101464 0.059118
44 0.405171 0.693665 0.275882 0.065407
40 0.100778 0.695552 0.046120 0.056602
41 0.219433 0.693036 0.043604 0.049055
41 0.590071 0.690521 0.043604 0.059118
40 0.772874 0.690521 0.040250 0.054086
