36 0.151511 0.230787 0.053667 0.088047
1 0.216079 0.352586 0.058698 0.085532
2 0.292806 0.340637 0.044443 0.081758
3 0.363663 0.346297 0.046959 0.077985
4 0.436617 0.350070 0.050313 0.080501
5 0.510828 0.351957 0.046120 0.076727
6 0.584201 0.355102 0.045282 0.093079
7 0.663444 0.353215 0.051151 0.086790
8 0.733881 0.360133 0.046120 0.075469
9 0.818155 0.357617 0.053667 0.095594
0 0.892786 0.356360 0.048636 0.075469
37 0.159058 0.466419 0.103980 0.086790
26 0.253813 0.460130 0.050313 0.061633
32 0.333895 0.451954 0.069599 0.055344
14 0.403494 0.467048 0.042766 0.088047
27 0.477286 0.461388 0.057860 0.079243
29 0.551078 0.470192 0.049474 0.081758
34 0.625290 0.465790 0.055344 0.085532
30 0.701597 0.468306 0.057021 0.090563
18 0.771197 0.465790 0.046959 0.083016
24 0.851697 0.470192 0.048636 0.081758
25 0.926747 0.470821 0.052828 0.085532
38 0.170378 0.573963 0.108173 0.085532
10 0.268488 0.575220 0.049474 0.085532
28 0.343119 0.577107 0.056183 0.079243
13 0.423619 0.577107 0.049474 0.094337
15 0.499508 0.575849 0.048636 0.079243
16 0.570365 0.577736 0.046120 0.072954
17 0.644995 0.576478 0.054506 0.077985
19 0.719207 0.578994 0.050313 0.083016
20 0.795095 0.584025 0.049474 0.090563
21 0.872661 0.584654 0.048636 0.084274
39 0.183375 0.687166 0.154293 0.088047
35 0.303288 0.687166 0.053667 0.075469
33 0.380853 0.691569 0.049474 0.084274
12 0.459257 0.687795 0.051990 0.086790
31 0.530534 0.689053 0.057021 0.084274
11 0.607680 0.693455 0.050313 0.077985
23 0.686084 0.694713 0.051151 0.072954
22 0.763650 0.687795 0.046959 0.089305
40 0.139771 0.798483 0.050313 0.106915
41 0.320478 0.799112 0.061214 0.080501
44 0.625709 0.811062 0.435206 0.091821
41 0.897817 0.807917 0.087209 0.090563
