36 0.123419 0.286131 0.054506 0.062891
1 0.164089 0.372921 0.038573 0.052828
2 0.211047 0.367890 0.040250 0.057860
3 0.267230 0.374808 0.035219 0.061633
4 0.310415 0.374179 0.037735 0.055344
5 0.363244 0.372921 0.037735 0.062891
6 0.413976 0.373550 0.036896 0.061633
7 0.463031 0.374179 0.032703 0.065407
8 0.512086 0.372921 0.035219 0.065407
9 0.560302 0.372292 0.034380 0.049055
0 0.616066 0.376065 0.028511 0.059118
43 0.790483 0.386757 0.080501 0.050313
37 0.125935 0.448390 0.054506 0.052828
26 0.191342 0.443359 0.034380 0.055344
32 0.238300 0.440843 0.036058 0.057860
14 0.288194 0.443359 0.045282 0.055344
27 0.343119 0.447761 0.036058 0.061633
29 0.387981 0.449019 0.033542 0.061633
34 0.435359 0.447761 0.036058 0.071696
30 0.488187 0.450906 0.042766 0.047797
18 0.542693 0.453421 0.037735 0.067922
24 0.587555 0.449019 0.028511 0.059118
25 0.639545 0.453421 0.033542 0.052828
42 0.789645 0.530777 0.097271 0.054086
38 0.133482 0.516941 0.074631 0.049055
10 0.201404 0.515055 0.032703 0.052828
28 0.250878 0.518199 0.031026 0.054086
13 0.299933 0.516941 0.041927 0.054086
15 0.348988 0.515055 0.039412 0.065407
16 0.395528 0.525117 0.031865 0.050313
17 0.450033 0.521973 0.031865 0.061633
19 0.496992 0.523859 0.033542 0.052828
20 0.553594 0.523230 0.037735 0.054086
21 0.599714 0.525746 0.034380 0.056602
39 0.136417 0.588008 0.097271 0.045282
35 0.222787 0.589895 0.033542 0.064149
33 0.274777 0.593039 0.033542 0.060375
12 0.323832 0.596184 0.031026 0.066664
31 0.371210 0.597442 0.036896 0.056602
11 0.423200 0.600586 0.040250 0.055344
23 0.471836 0.594926 0.041927 0.059118
22 0.517117 0.596813 0.043604 0.067922
39 0.774551 0.608133 0.119074 0.055344
40 0.107068 0.669766 0.043604 0.067922
41 0.233269 0.672282 0.062891 0.070438
44 0.429070 0.681087 0.291814 0.067922
41 0.622774 0.686747 0.050313 0.054086
40 0.816478 0.690521 0.043604 0.054086
