0 0.933788 0.342656 0.054616 0.083744
1 0.223475 0.342656 0.050368 0.083744
2 0.303276 0.341746 0.050975 0.087385
3 0.384593 0.343567 0.052189 0.076462
4 0.459842 0.344932 0.054616 0.084654
5 0.543890 0.343112 0.050368 0.084654
6 0.618835 0.341746 0.054616 0.081923
7 0.700152 0.342656 0.058257 0.083744
8 0.782076 0.344022 0.058257 0.077372
9 0.856415 0.342656 0.056437 0.085565
10 0.286284 0.578869 0.052189 0.071911
11 0.643412 0.695383 0.052796 0.084654
12 0.483812 0.696293 0.051582 0.081013
13 0.443153 0.577504 0.049154 0.078282
14 0.426162 0.462811 0.052796 0.078282
15 0.523864 0.577959 0.046727 0.084654
16 0.604271 0.575228 0.054616 0.079193
17 0.683161 0.578869 0.048548 0.088295
18 0.819701 0.460080 0.053402 0.083744
19 0.761444 0.577504 0.052189 0.085565
20 0.843368 0.580690 0.057043 0.090116
21 0.921347 0.580690 0.060078 0.090116
22 0.805743 0.697658 0.050975 0.078282
23 0.725033 0.697658 0.055830 0.083744
24 0.899804 0.461901 0.053402 0.081923
25 0.972626 0.455074 0.044907 0.084654
26 0.265044 0.458260 0.050975 0.081923
27 0.502928 0.463721 0.052189 0.081923
28 0.367601 0.573863 0.050975 0.076462
29 0.583335 0.458715 0.045513 0.077372
30 0.740507 0.460535 0.055223 0.079193
31 0.562095 0.699024 0.054009 0.075552
32 0.342114 0.450522 0.050975 0.075552
33 0.402495 0.695383 0.049154 0.068270
34 0.661618 0.461445 0.049154 0.077372
35 0.322695 0.694472 0.049761 0.073731
36 0.152475 0.205662 0.057650 0.084654
37 0.169466 0.465997 0.100129 0.090116
38 0.170983 0.587061 0.109232 0.077372
39 0.194650 0.701754 0.163848 0.086475
40 0.145192 0.819178 0.064932 0.086475
41 0.351823 0.820543 0.067967 0.089206
44 0.657976 0.824640 0.486083 0.091936
