36 0.095573 0.269097 0.019271 0.024306
2 0.208333 0.274884 0.027083 0.035880
3 0.264323 0.273727 0.026563 0.033565
4 0.320052 0.275463 0.024479 0.034722
5 0.377083 0.277778 0.023958 0.030093
7 0.488802 0.279514 0.022396 0.026620
8 0.545052 0.279514 0.021354 0.026620
32 0.228646 0.396991 0.016667 0.037037
14 0.283073 0.399306 0.010938 0.027778
27 0.339583 0.401042 0.014583 0.033565
25 0.678646 0.405671 0.012500 0.028935
1 0.800000 0.407986 0.020833 0.033565
10 0.179688 0.523727 0.012500 0.033565
5 0.236719 0.524884 0.013021 0.031250
17 0.467188 0.527199 0.012500 0.031250
42 0.850781 0.531829 0.028646 0.021991
39 0.122917 0.648727 0.027083 0.024306
2 0.202604 0.652199 0.013542 0.033565
11 0.437240 0.652778 0.010938 0.027778
23 0.496094 0.655671 0.014063 0.028935
1 0.149904 0.280564 0.026250 0.056799
6 0.430369 0.282099 0.029014 0.062939
9 0.602379 0.285169 0.034540 0.053729
0 0.658334 0.290542 0.029014 0.055264
43 0.854176 0.312034 0.097403 0.104387
24 0.626557 0.416421 0.035922 0.061404
18 0.563003 0.415653 0.020724 0.050658
30 0.510502 0.407210 0.020724 0.052194
34 0.453511 0.417188 0.024178 0.072150
29 0.400319 0.417956 0.025560 0.092106
26 0.168556 0.404140 0.019342 0.058334
37 0.102239 0.401837 0.058027 0.050658
38 0.102929 0.538462 0.069080 0.099782
40 0.081515 0.793289 0.035922 0.078290
41 0.221402 0.802499 0.040757 0.093641
33 0.267686 0.670480 0.032468 0.096712
13 0.300499 0.545370 0.040066 0.092106
15 0.354381 0.541532 0.020724 0.078290
16 0.414136 0.554580 0.033849 0.089036
19 0.528809 0.549207 0.026941 0.081360
20 0.587527 0.546905 0.037994 0.089036
21 0.647972 0.554580 0.033158 0.107457
12 0.329512 0.676621 0.041448 0.081360
31 0.383395 0.658200 0.031777 0.069080
22 0.558513 0.667410 0.042139 0.090571
39 0.817218 0.688902 0.080133 0.108992
40 0.781642 0.814780 0.036612 0.099782
41 0.663515 0.806337 0.028323 0.089036
44 0.452475 0.813245 0.359217 0.115133
