5 0.042080 0.309401 0.046120 0.101883
6 0.107068 0.313174 0.041927 0.084274
7 0.184214 0.309401 0.046959 0.081758
8 0.255490 0.307514 0.050313 0.085532
9 0.332637 0.300596 0.051990 0.091821
0 0.402655 0.301225 0.062891 0.072954
25 0.437874 0.403109 0.057860 0.067922
24 0.361147 0.410027 0.045282 0.081758
18 0.291967 0.413800 0.051151 0.091821
30 0.221529 0.408140 0.061214 0.090563
34 0.146899 0.416945 0.062891 0.098110
29 0.077299 0.420718 0.064568 0.085532
15 0.023632 0.531406 0.044443 0.070438
16 0.094489 0.521973 0.046959 0.074211
17 0.164089 0.528262 0.048636 0.076727
19 0.236623 0.517570 0.039412 0.080501
20 0.316704 0.521973 0.050313 0.084274
21 0.387562 0.531406 0.064568 0.067922
31 0.060948 0.640837 0.058698 0.085532
11 0.128451 0.637692 0.041089 0.084274
23 0.208532 0.642723 0.045282 0.069180
22 0.278970 0.636434 0.041927 0.074211
39 0.624870 0.643981 0.163517 0.074211
42 0.641222 0.520715 0.134168 0.079243
43 0.673506 0.299338 0.135006 0.081758
44 0.183375 0.750896 0.342127 0.091821
41 0.415653 0.734544 0.055344 0.059118
40 0.686084 0.743978 0.061214 0.072954
