0 0.847919 0.344932 0.047941 0.081923
1 0.164005 0.354035 0.060078 0.087385
2 0.243501 0.356765 0.066146 0.092847
3 0.315412 0.356310 0.048548 0.071911
4 0.391571 0.348118 0.049154 0.086475
5 0.466517 0.347208 0.052189 0.073731
6 0.540552 0.349028 0.043693 0.079193
7 0.621262 0.350849 0.052189 0.077372
8 0.696815 0.351759 0.054009 0.084654
9 0.776008 0.347208 0.059471 0.084654
10 0.220745 0.579324 0.055830 0.079193
11 0.563612 0.691286 0.050975 0.079193
12 0.409473 0.699479 0.047334 0.079193
13 0.369422 0.581600 0.058257 0.078282
14 0.356981 0.459625 0.049154 0.076462
15 0.450435 0.572042 0.056437 0.081013
16 0.531146 0.585241 0.055223 0.092847
17 0.602450 0.581145 0.043693 0.084654
18 0.740507 0.465542 0.062505 0.086475
19 0.677092 0.573863 0.050975 0.084654
20 0.757802 0.577504 0.053402 0.086475
21 0.836085 0.581145 0.049761 0.084654
22 0.722909 0.701754 0.060078 0.083744
23 0.644626 0.692652 0.052796 0.087385
24 0.810598 0.459625 0.057043 0.076462
25 0.888578 0.460080 0.056437 0.082834
26 0.197381 0.465997 0.049154 0.071000
27 0.430410 0.465542 0.056437 0.075552
28 0.293566 0.582965 0.046120 0.088295
29 0.505658 0.468728 0.057650 0.087385
30 0.662831 0.464176 0.049154 0.085565
31 0.488363 0.692197 0.049761 0.081013
32 0.276271 0.465997 0.055223 0.076462
33 0.331190 0.695383 0.058257 0.081923
34 0.580300 0.461901 0.054009 0.079193
35 0.255942 0.701754 0.050975 0.085565
36 0.090576 0.227053 0.061291 0.084654
37 0.101500 0.479196 0.094061 0.086475
38 0.109692 0.589792 0.117728 0.074641
39 0.124560 0.701299 0.147463 0.090116
40 0.080260 0.825550 0.063719 0.076462
41 0.281126 0.819633 0.067360 0.090116
41 0.870372 0.809620 0.071001 0.088295
44 0.577569 0.814627 0.464843 0.081923
