22 0.285571 0.630751 0.050814 0.078309
23 0.210394 0.634405 0.046637 0.079353
11 0.139047 0.635971 0.054294 0.088750
31 0.062130 0.631273 0.057774 0.077264
15 0.028719 0.524251 0.049421 0.078309
16 0.098674 0.524251 0.043157 0.078309
17 0.171414 0.520075 0.043853 0.076220
19 0.246938 0.521119 0.038980 0.072044
20 0.318982 0.526339 0.053598 0.074132
21 0.394158 0.521641 0.046637 0.083529
25 0.446364 0.406788 0.050814 0.087706
24 0.372580 0.418274 0.043853 0.083529
18 0.302624 0.406788 0.058470 0.081441
30 0.233017 0.414097 0.058470 0.087706
34 0.156100 0.418274 0.046637 0.083529
29 0.091713 0.412009 0.058470 0.083529
5 0.043336 0.298201 0.042461 0.081441
6 0.116424 0.301855 0.049421 0.072044
7 0.193689 0.316473 0.053598 0.088750
8 0.268169 0.307076 0.056382 0.082485
9 0.339168 0.303421 0.052206 0.075176
0 0.413300 0.305509 0.041765 0.073088
43 0.671197 0.301855 0.127382 0.078309
42 0.661452 0.524773 0.137127 0.077264
39 0.643702 0.631795 0.185156 0.084573
40 0.702520 0.747692 0.064735 0.084573
41 0.425482 0.744037 0.070304 0.083529
44 0.182551 0.747692 0.357087 0.097103
