36 0.107068 0.275440 0.041927 0.059118
1 0.146479 0.362858 0.030188 0.055344
2 0.202243 0.362229 0.036058 0.044024
3 0.256329 0.365374 0.040250 0.056602
4 0.299514 0.367261 0.034380 0.055344
5 0.351923 0.368518 0.035219 0.065407
6 0.403075 0.369776 0.035219 0.055344
7 0.452130 0.371034 0.037735 0.050313
8 0.505377 0.376065 0.033542 0.052828
9 0.552755 0.374808 0.034380 0.050313
0 0.605164 0.378581 0.026834 0.047797
43 0.782936 0.383612 0.078823 0.045282
37 0.108745 0.437699 0.055344 0.062891
26 0.173313 0.438956 0.035219 0.052828
32 0.227399 0.444617 0.042766 0.064149
14 0.277293 0.445246 0.041927 0.055344
27 0.327605 0.446503 0.036896 0.052828
29 0.378757 0.448390 0.040250 0.059118
34 0.427393 0.450277 0.031865 0.062891
30 0.475609 0.450277 0.034380 0.050313
18 0.528018 0.456566 0.035219 0.062891
24 0.577912 0.459082 0.039412 0.062891
25 0.631159 0.458453 0.036896 0.056602
42 0.777067 0.534551 0.102303 0.055344
38 0.112099 0.511281 0.078823 0.056602
10 0.182956 0.514426 0.037735 0.060375
28 0.237881 0.517570 0.048636 0.071696
13 0.284420 0.514426 0.031026 0.060375
15 0.336410 0.517570 0.039412 0.059118
16 0.384207 0.517570 0.034380 0.061633
17 0.439132 0.523440 0.036896 0.052828
19 0.489026 0.525327 0.036058 0.054086
20 0.537661 0.529100 0.036058 0.064149
21 0.589651 0.526585 0.031026 0.051571
39 0.117130 0.588218 0.090563 0.061633
35 0.205178 0.591991 0.031865 0.059118
33 0.252555 0.585702 0.027672 0.044024
12 0.304126 0.598280 0.033542 0.066664
31 0.356535 0.600167 0.039412 0.075469
11 0.408106 0.596394 0.028511 0.057860
23 0.461354 0.602054 0.034380 0.051571
22 0.508732 0.602683 0.031865 0.062891
39 0.758619 0.614003 0.124105 0.060375
40 0.089039 0.668718 0.044443 0.061633
41 0.219852 0.671863 0.052828 0.062891
44 0.415653 0.683812 0.305231 0.076727
41 0.611034 0.688215 0.046959 0.052828
40 0.805158 0.694504 0.046120 0.062891
