36 0.178968 0.306261 0.027735 0.035220
1 0.192270 0.374185 0.020377 0.062892
2 0.226798 0.369782 0.030566 0.061634
3 0.264722 0.359091 0.024905 0.072955
4 0.305476 0.350286 0.030566 0.070439
5 0.345664 0.343368 0.032830 0.081760
6 0.388965 0.330789 0.023207 0.069181
7 0.439908 0.312551 0.035660 0.067923
8 0.489436 0.306261 0.038490 0.080502
9 0.542076 0.291796 0.038490 0.074213
0 0.595283 0.280476 0.040754 0.071697
43 0.787733 0.245885 0.059999 0.093080
37 0.158308 0.471039 0.026037 0.065408
26 0.194534 0.471039 0.023773 0.067923
32 0.232175 0.460976 0.031132 0.085533
14 0.270099 0.454058 0.028868 0.071697
27 0.313117 0.447769 0.031132 0.066666
29 0.357834 0.440850 0.034528 0.075470
34 0.403116 0.430788 0.034528 0.075470
30 0.454908 0.427014 0.040754 0.083018
18 0.503869 0.414436 0.035660 0.085533
24 0.554529 0.413388 0.037358 0.084275
25 0.617075 0.400809 0.035660 0.091822
42 0.786884 0.503952 0.083206 0.096854
38 0.149535 0.569360 0.046980 0.064150
10 0.196515 0.557410 0.025471 0.067923
28 0.234439 0.558668 0.028868 0.070439
13 0.276043 0.559297 0.030566 0.069181
15 0.320476 0.547976 0.039056 0.071697
16 0.365192 0.549234 0.036792 0.076728
17 0.410475 0.544832 0.036792 0.085533
19 0.464247 0.535398 0.036792 0.084275
20 0.516605 0.529109 0.045282 0.084275
21 0.567831 0.520933 0.053773 0.093080
39 0.149535 0.678163 0.054905 0.070439
35 0.202459 0.678163 0.028301 0.100627
33 0.240100 0.663069 0.023207 0.075470
12 0.282835 0.658667 0.022641 0.086791
31 0.331513 0.661811 0.037358 0.085533
11 0.377079 0.659295 0.035660 0.080502
23 0.430286 0.657409 0.035660 0.084275
22 0.483209 0.658038 0.035094 0.103143
39 0.771318 0.646717 0.135847 0.093080
40 0.151233 0.822815 0.031132 0.065408
41 0.189440 0.768099 0.026037 0.056603
44 0.377079 0.797029 0.214525 0.104401
41 0.602925 0.795142 0.036792 0.070439
