37 0.118969 0.365380 0.046980 0.075470
36 0.148686 0.179848 0.040754 0.044024
1 0.177553 0.269784 0.044150 0.085533
2 0.235005 0.261608 0.037924 0.076728
3 0.292174 0.260979 0.034528 0.080502
4 0.351324 0.260979 0.032830 0.072955
5 0.412173 0.260350 0.034528 0.084275
6 0.470757 0.260350 0.036226 0.076728
7 0.526228 0.262866 0.035094 0.076728
8 0.587925 0.261608 0.039622 0.081760
9 0.646226 0.261608 0.043018 0.086791
0 0.703112 0.257835 0.037924 0.076728
43 0.882260 0.264753 0.055471 0.075470
26 0.182082 0.351544 0.038490 0.050314
32 0.246892 0.350286 0.042452 0.060376
14 0.306325 0.347770 0.042452 0.060376
27 0.371985 0.362235 0.040188 0.069181
29 0.430286 0.360349 0.037924 0.065408
34 0.495662 0.367267 0.046414 0.069181
30 0.553680 0.367267 0.041320 0.084275
18 0.614528 0.360977 0.043018 0.066666
24 0.677923 0.360977 0.044150 0.086791
25 0.736224 0.359720 0.048679 0.086791
42 0.909429 0.474812 0.080376 0.093080
10 0.189723 0.474812 0.041320 0.075470
28 0.253684 0.477957 0.048113 0.086791
13 0.320759 0.479215 0.045282 0.089307
15 0.386135 0.480472 0.045848 0.084275
16 0.449248 0.485504 0.047546 0.096854
17 0.513492 0.478586 0.041320 0.075470
19 0.578019 0.476699 0.042452 0.079244
20 0.645943 0.478586 0.053773 0.075470
21 0.705376 0.477957 0.045848 0.086791
39 0.106517 0.620722 0.096791 0.093080
35 0.208119 0.609401 0.041886 0.098112
33 0.280854 0.606256 0.051509 0.101885
12 0.347645 0.610659 0.046980 0.093080
31 0.416135 0.599338 0.049245 0.080502
11 0.482360 0.606885 0.043584 0.088049
23 0.554812 0.589276 0.053773 0.070439
22 0.616509 0.603741 0.052641 0.079244
39 0.915373 0.594307 0.108112 0.085533
40 0.124064 0.815687 0.053773 0.065408
41 0.198780 0.737701 0.044716 0.077986
41 0.771035 0.735185 0.045848 0.075470
44 0.488021 0.775436 0.327731 0.140878
