5 0.056214 0.324303 0.050117 0.077264
6 0.131042 0.324825 0.053598 0.072044
7 0.203086 0.325347 0.055686 0.075176
8 0.276870 0.327436 0.050117 0.079353
9 0.347173 0.331090 0.051510 0.078309
0 0.417477 0.326914 0.045941 0.078309
43 0.673981 0.328480 0.116245 0.081441
42 0.666324 0.546700 0.148264 0.077264
25 0.457849 0.437590 0.047333 0.084573
24 0.382673 0.433935 0.044549 0.073088
18 0.309585 0.435502 0.051510 0.076220
30 0.236845 0.430281 0.043853 0.072044
34 0.167586 0.432369 0.048725 0.076220
29 0.095890 0.431325 0.050117 0.072044
27 0.017929 0.429237 0.033412 0.061603
15 0.033243 0.539391 0.041765 0.062647
16 0.112248 0.540435 0.054990 0.079353
17 0.176983 0.544611 0.045245 0.068912
19 0.253203 0.542001 0.044549 0.076220
20 0.325943 0.552442 0.048029 0.072044
21 0.404600 0.550354 0.049421 0.084573
31 0.067351 0.654243 0.043157 0.087706
11 0.143223 0.660508 0.041765 0.093970
23 0.217355 0.655287 0.056382 0.081441
22 0.293923 0.656332 0.049421 0.073088
39 0.643702 0.658420 0.169843 0.075176
40 0.706000 0.763875 0.077264 0.081441
41 0.430006 0.766486 0.071000 0.072044
44 0.185336 0.767530 0.364048 0.086661
