36 0.118860 0.282017 0.037588 0.055338
1 0.160277 0.372855 0.032716 0.042809
2 0.210742 0.369722 0.037588 0.049073
3 0.261556 0.373377 0.036196 0.065779
4 0.310977 0.368678 0.033412 0.050117
5 0.357962 0.375465 0.035500 0.053250
6 0.409820 0.374943 0.036196 0.050117
7 0.459590 0.372855 0.035500 0.054294
8 0.508663 0.373899 0.033412 0.050117
9 0.559824 0.376509 0.031323 0.046985
0 0.607506 0.377553 0.029235 0.055338
43 0.786745 0.381208 0.080049 0.056382
42 0.774216 0.526861 0.096755 0.059514
25 0.631172 0.448031 0.030627 0.045941
24 0.583839 0.446987 0.025059 0.050117
18 0.531285 0.448553 0.035500 0.053250
30 0.483952 0.449597 0.034108 0.055338
34 0.434183 0.447509 0.037588 0.059514
29 0.383717 0.449597 0.034108 0.051162
27 0.332556 0.446465 0.032019 0.051162
14 0.283482 0.446987 0.028539 0.050117
32 0.234409 0.446987 0.032019 0.056382
26 0.181507 0.446465 0.029235 0.055338
37 0.121645 0.447509 0.061255 0.053250
38 0.128953 0.531038 0.067519 0.044897
39 0.132434 0.596817 0.093970 0.044897
40 0.103199 0.670949 0.039676 0.053250
40 0.807279 0.685045 0.045941 0.050117
41 0.231973 0.674082 0.043853 0.040720
41 0.610986 0.684001 0.041765 0.056382
44 0.424438 0.681912 0.306273 0.068912
22 0.521192 0.603604 0.037588 0.056382
23 0.467594 0.596295 0.033412 0.056382
11 0.416085 0.595773 0.026451 0.053250
31 0.367011 0.598383 0.032716 0.058470
12 0.317242 0.598383 0.037588 0.052206
33 0.265036 0.602560 0.037588 0.050117
35 0.213527 0.592119 0.022274 0.048029
10 0.198561 0.521119 0.035500 0.050117
28 0.247634 0.518509 0.033412 0.049073
13 0.293923 0.523729 0.034108 0.053250
15 0.347173 0.524251 0.038980 0.050117
16 0.397987 0.525295 0.041765 0.056382
17 0.444276 0.525817 0.032716 0.053250
19 0.495437 0.522685 0.030627 0.053250
20 0.544859 0.526339 0.025059 0.048029
21 0.595672 0.526861 0.036196 0.046985
