5 0.072223 0.299245 0.050117 0.064735
6 0.140439 0.291936 0.048725 0.075176
7 0.209350 0.301333 0.055686 0.087706
8 0.283482 0.300811 0.041068 0.080397
9 0.353438 0.302899 0.044549 0.072044
0 0.428614 0.297156 0.052902 0.087706
43 0.686858 0.299767 0.121117 0.072044
42 0.670152 0.521641 0.129470 0.077264
25 0.471423 0.412531 0.053598 0.084573
24 0.391026 0.418274 0.051510 0.077264
18 0.320026 0.408355 0.044549 0.065779
30 0.246590 0.412009 0.056382 0.066823
34 0.176983 0.401046 0.046637 0.067867
29 0.108767 0.405744 0.052206 0.064735
27 0.033939 0.414097 0.047333 0.081441
15 0.048557 0.515376 0.044549 0.073088
16 0.122341 0.522163 0.045941 0.072044
17 0.192644 0.517986 0.040372 0.078309
19 0.265036 0.516420 0.045941 0.081441
20 0.342997 0.521641 0.055686 0.073088
21 0.409124 0.521119 0.050117 0.078309
31 0.084057 0.626574 0.055686 0.082485
11 0.160277 0.621354 0.053598 0.078309
23 0.227448 0.629707 0.050117 0.080397
22 0.297056 0.631273 0.044549 0.077264
39 0.656927 0.628140 0.175411 0.071000
40 0.716790 0.740905 0.069608 0.073088
41 0.440099 0.733596 0.066127 0.068912
44 0.193341 0.741949 0.380057 0.093970
