36 0.028125 0.287500 0.022917 0.016667
2 0.153646 0.289583 0.031250 0.025000
3 0.216146 0.286806 0.028125 0.020833
4 0.278125 0.286111 0.027083 0.022222
5 0.340625 0.286806 0.027083 0.020833
6 0.403646 0.285417 0.026042 0.020833
7 0.466146 0.285417 0.028125 0.020833
8 0.528125 0.284722 0.027083 0.019444
9 0.591146 0.285417 0.028125 0.020833
37 0.047396 0.373611 0.023958 0.016667
32 0.190104 0.372222 0.039583 0.029167
14 0.247917 0.372222 0.033333 0.022222
27 0.307292 0.371528 0.028125 0.025000
25 0.675000 0.368056 0.014583 0.022222
38 0.055729 0.456250 0.030208 0.018056
10 0.132292 0.454861 0.012500 0.020833
28 0.194792 0.455556 0.016667 0.022222
13 0.261458 0.454861 0.028125 0.025000
15 0.319271 0.452778 0.017708 0.022222
42 0.859375 0.448611 0.031250 0.016667
39 0.077604 0.538889 0.030208 0.016667
33 0.226042 0.538194 0.021875 0.025000
11 0.413542 0.536111 0.016667 0.022222
23 0.477083 0.536806 0.016667 0.020833
22 0.539583 0.535417 0.019792 0.025000
39 0.825521 0.530556 0.030208 0.016667
40 0.037500 0.618750 0.025000 0.018056
41 0.193229 0.617361 0.019792 0.018056
1 0.093258 0.289775 0.034540 0.032237
26 0.122616 0.372670 0.028783 0.026097
0 0.655105 0.285169 0.032237 0.032237
29 0.373030 0.371135 0.029935 0.035307
34 0.438080 0.371135 0.028783 0.029167
30 0.492768 0.374205 0.027632 0.029167
18 0.551486 0.368833 0.027632 0.030702
24 0.620566 0.372670 0.032237 0.044518
16 0.387422 0.458636 0.033389 0.038378
17 0.450745 0.470917 0.033389 0.056799
19 0.513492 0.459404 0.036842 0.033772
20 0.573361 0.466312 0.036842 0.056799
21 0.632655 0.464777 0.028783 0.053729
35 0.168094 0.543067 0.023027 0.032237
12 0.293589 0.543067 0.036842 0.029167
31 0.358063 0.542299 0.029935 0.039913
41 0.656832 0.617519 0.031086 0.030702
40 0.783478 0.616752 0.033389 0.035307
44 0.428870 0.638243 0.374181 0.072150
43 0.864071 0.297450 0.109376 0.062939
