36 0.110422 0.271037 0.051990 0.062891
1 0.152768 0.358456 0.036058 0.049055
2 0.203920 0.357827 0.037735 0.060375
3 0.255071 0.367890 0.039412 0.055344
4 0.303288 0.361601 0.036896 0.062891
5 0.361986 0.366632 0.045282 0.060375
6 0.404752 0.364116 0.033542 0.055344
7 0.456742 0.366632 0.028511 0.065407
8 0.507474 0.362858 0.031026 0.055344
9 0.557787 0.367890 0.037735 0.055344
0 0.613969 0.372921 0.039412 0.055344
43 0.787129 0.377323 0.087209 0.059118
37 0.113357 0.437699 0.059537 0.056602
26 0.182118 0.439585 0.041089 0.057860
32 0.232430 0.438328 0.036058 0.065407
14 0.280228 0.435812 0.031026 0.060375
27 0.331798 0.438328 0.038573 0.060375
29 0.380434 0.441472 0.033542 0.061633
34 0.433682 0.442730 0.037735 0.056602
30 0.479802 0.440843 0.029349 0.062891
18 0.530534 0.445246 0.033542 0.066664
24 0.583362 0.445874 0.035219 0.060375
25 0.633675 0.443359 0.036896 0.057860
42 0.785033 0.527004 0.101464 0.054086
38 0.115453 0.509394 0.060375 0.056602
10 0.188826 0.510023 0.036058 0.055344
28 0.238300 0.510652 0.031026 0.046539
13 0.287355 0.507508 0.041927 0.052828
15 0.343119 0.514426 0.036058 0.046539
16 0.390916 0.517570 0.036058 0.052828
17 0.442486 0.517570 0.033542 0.060375
19 0.496573 0.523230 0.039412 0.061633
20 0.547305 0.520086 0.035219 0.055344
21 0.597198 0.522602 0.032703 0.062891
39 0.120904 0.588637 0.091402 0.056602
35 0.206855 0.591153 0.038573 0.064149
33 0.261360 0.591153 0.036896 0.056602
12 0.314189 0.596184 0.036896 0.059118
31 0.361986 0.591153 0.040250 0.056602
11 0.417749 0.598700 0.041089 0.071696
23 0.470578 0.598700 0.037735 0.059118
22 0.517956 0.600586 0.033542 0.057860
39 0.768681 0.611278 0.119074 0.054086
40 0.092812 0.664735 0.050313 0.060375
41 0.225722 0.669138 0.044443 0.059118
44 0.425715 0.677313 0.306908 0.070438
41 0.615646 0.685489 0.047797 0.056602
40 0.815640 0.686747 0.045282 0.056602
