36 0.115453 0.290534 0.048636 0.064149
1 0.151930 0.371663 0.034380 0.057860
2 0.201404 0.368518 0.034380 0.056602
3 0.250878 0.369147 0.039412 0.055344
4 0.305384 0.375437 0.032703 0.057860
5 0.352762 0.377323 0.036896 0.061633
6 0.404752 0.375437 0.033542 0.052828
7 0.454226 0.377952 0.040250 0.052828
8 0.502023 0.379839 0.038573 0.054086
9 0.552755 0.378791 0.036058 0.057860
0 0.604326 0.389482 0.041927 0.059118
43 0.777486 0.394513 0.076308 0.051571
37 0.111260 0.443568 0.050313 0.051571
26 0.179602 0.444826 0.039412 0.046539
32 0.226980 0.447971 0.030188 0.050313
14 0.276454 0.448600 0.031865 0.051571
27 0.324671 0.447342 0.034380 0.054086
29 0.377499 0.453631 0.032703 0.054086
34 0.428650 0.455518 0.036058 0.062891
30 0.478544 0.458033 0.030188 0.052828
18 0.520052 0.453002 0.032703 0.057860
24 0.579170 0.464322 0.038573 0.062891
25 0.625290 0.459920 0.038573 0.054086
42 0.768262 0.542936 0.086370 0.059118
38 0.111680 0.514635 0.076308 0.062891
10 0.184633 0.517780 0.037735 0.051571
28 0.235785 0.517780 0.041089 0.064149
13 0.287355 0.525327 0.033542 0.049055
15 0.334733 0.524069 0.032703 0.061633
16 0.389658 0.529100 0.041927 0.056602
17 0.439132 0.530358 0.031865 0.054086
19 0.484414 0.529100 0.028511 0.046539
20 0.536823 0.532245 0.034380 0.060375
21 0.586716 0.534132 0.038573 0.056602
39 0.128870 0.593249 0.093917 0.071696
35 0.211047 0.593249 0.040250 0.056602
33 0.262199 0.600167 0.038573 0.070438
12 0.307900 0.597023 0.032703 0.051571
31 0.359470 0.604569 0.031865 0.046539
11 0.412299 0.603312 0.035219 0.056602
23 0.459677 0.604569 0.031026 0.061633
22 0.513763 0.605827 0.035219 0.051571
39 0.752749 0.614003 0.117397 0.060375
40 0.097424 0.674378 0.044443 0.060375
41 0.223626 0.673121 0.057021 0.070438
44 0.423200 0.686328 0.293491 0.074211
41 0.605584 0.685070 0.049474 0.066664
40 0.800546 0.698277 0.045282 0.055344
