0 0.795291 0.704485 0.069181 0.042782
1 0.783761 0.097796 0.067968 0.051885
2 0.788616 0.163335 0.072822 0.051885
3 0.787402 0.229329 0.060685 0.041872
4 0.792257 0.295323 0.072822 0.051885
5 0.794077 0.363137 0.069181 0.041872
6 0.792864 0.434138 0.059472 0.045513
7 0.792864 0.501497 0.059472 0.049154
8 0.795898 0.571132 0.058258 0.046423
9 0.798325 0.637581 0.060685 0.042782
10 0.611415 0.143309 0.065540 0.044603
15 0.614449 0.354490 0.066754 0.051885
16 0.618697 0.419118 0.058258 0.048244
17 0.622338 0.490119 0.065540 0.053705
18 0.709118 0.603901 0.064326 0.051885
19 0.621124 0.557933 0.065540 0.049154
11 0.531917 0.460080 0.069181 0.055526
20 0.620517 0.626658 0.061899 0.053705
21 0.619910 0.699934 0.063113 0.049154
22 0.531917 0.596619 0.069181 0.050064
23 0.528276 0.526984 0.061899 0.056436
24 0.709118 0.674447 0.059472 0.045513
25 0.710332 0.746812 0.061899 0.048244
26 0.701836 0.126469 0.059472 0.049154
27 0.703656 0.333099 0.055831 0.045513
28 0.614449 0.213399 0.059472 0.051885
29 0.708511 0.404099 0.058258 0.056436
30 0.711545 0.540183 0.069181 0.057346
31 0.527669 0.386349 0.072822 0.053705
32 0.705477 0.197925 0.066754 0.053705
33 0.527062 0.246624 0.066754 0.054616
34 0.706084 0.469183 0.065540 0.051885
35 0.520993 0.177444 0.069181 0.052795
36 0.849908 0.050007 0.032770 0.049154
37 0.697588 0.047732 0.065540 0.064629
38 0.610808 0.051828 0.064326 0.080103
39 0.525241 0.056379 0.075250 0.109231
40 0.432393 0.034533 0.066754 0.060077
40 0.439675 0.743626 0.059472 0.054616
41 0.445137 0.667620 0.070395 0.055526
41 0.425110 0.244348 0.066754 0.048244
42 0.629620 0.926589 0.065540 0.103770
43 0.805608 0.928409 0.063113 0.083744
14 0.435427 0.455984 0.072822 0.331335
12 0.527062 0.315804 0.066754 0.054616
13 0.614449 0.279848 0.074036 0.055526
14 0.703656 0.264829 0.067968 0.061898
