5 0.047794 0.284563 0.044907 0.077372
0 0.410991 0.286384 0.043086 0.068270
6 0.119705 0.286384 0.046727 0.073731
7 0.190402 0.283653 0.043693 0.079193
8 0.266561 0.287294 0.049154 0.071911
9 0.336955 0.281832 0.049154 0.071911
15 0.029892 0.500295 0.045513 0.077372
16 0.099982 0.503026 0.043693 0.071911
17 0.172197 0.501205 0.047334 0.062808
18 0.299938 0.396070 0.040659 0.071000
19 0.246839 0.509853 0.040052 0.069180
20 0.316323 0.504846 0.040659 0.068270
21 0.390054 0.503481 0.041265 0.081923
22 0.279002 0.614988 0.041265 0.070090
23 0.206180 0.614988 0.037624 0.070090
24 0.369725 0.392429 0.038231 0.063718
25 0.447401 0.394705 0.040659 0.062808
29 0.084204 0.394705 0.044907 0.073731
30 0.228937 0.399711 0.046727 0.081923
31 0.059324 0.609526 0.040052 0.064629
34 0.158846 0.400622 0.044907 0.080103
11 0.134269 0.615443 0.043086 0.073731
39 0.616711 0.615443 0.126831 0.057346
40 0.695601 0.733322 0.067360 0.065539
41 0.412508 0.729226 0.054616 0.073731
42 0.652211 0.507122 0.139574 0.070090
43 0.670417 0.290025 0.125010 0.078282
44 0.174321 0.726495 0.335585 0.090116
