0 0.855201 0.365576 0.046727 0.073731
1 0.158846 0.358294 0.044907 0.071911
2 0.233185 0.362846 0.049154 0.079193
3 0.318143 0.369218 0.058864 0.082834
4 0.392178 0.366942 0.049154 0.087385
5 0.471068 0.365121 0.051582 0.074641
6 0.544800 0.366032 0.041265 0.081923
7 0.627634 0.365121 0.054009 0.085565
8 0.705917 0.371493 0.058864 0.087385
9 0.780863 0.367852 0.043693 0.074641
10 0.217104 0.594052 0.057043 0.068270
11 0.568467 0.716027 0.049761 0.082834
12 0.408563 0.714206 0.045513 0.073731
13 0.369118 0.598148 0.047941 0.076462
14 0.358195 0.476173 0.051582 0.076462
15 0.454683 0.601789 0.054009 0.092847
16 0.532056 0.602244 0.053402 0.084654
17 0.613677 0.605885 0.056437 0.084654
18 0.743238 0.481180 0.057043 0.075552
19 0.687408 0.596783 0.047334 0.079193
20 0.760837 0.599969 0.047334 0.096488
21 0.842154 0.603610 0.050975 0.076462
22 0.728674 0.713296 0.055830 0.075552
23 0.645233 0.714662 0.049154 0.078282
24 0.821825 0.483000 0.060078 0.084654
25 0.899804 0.483910 0.057043 0.086475
26 0.196167 0.481635 0.054009 0.081923
27 0.426465 0.489372 0.042479 0.088295
28 0.292049 0.598148 0.045513 0.071000
29 0.508693 0.481180 0.049154 0.075552
30 0.665865 0.482545 0.050368 0.072821
31 0.491094 0.720123 0.047941 0.089206
32 0.274147 0.488007 0.050975 0.080103
33 0.334831 0.720578 0.058257 0.084654
34 0.586976 0.477994 0.052796 0.081923
35 0.255031 0.719213 0.052796 0.081923
36 0.088756 0.232223 0.061291 0.081923
37 0.100589 0.489827 0.097095 0.087385
38 0.103624 0.602699 0.101950 0.080103
39 0.125773 0.724219 0.143822 0.093757
40 0.078136 0.842098 0.072821 0.098308
41 0.281733 0.844374 0.075856 0.091936
41 0.877351 0.838912 0.072821 0.093757
44 0.582424 0.837547 0.473339 0.085565
