36 0.111260 0.303741 0.050313 0.067922
1 0.148995 0.377323 0.033542 0.059118
2 0.190922 0.372292 0.033542 0.056602
3 0.247943 0.374808 0.036896 0.056602
4 0.292806 0.374179 0.032703 0.057860
5 0.342699 0.379839 0.035219 0.061633
6 0.392174 0.381726 0.035219 0.057860
7 0.440390 0.382355 0.029349 0.051571
8 0.492380 0.382355 0.029349 0.049055
9 0.541016 0.380468 0.034380 0.057860
0 0.592167 0.382983 0.034380 0.050313
43 0.766166 0.389273 0.077146 0.057860
37 0.109164 0.451535 0.054506 0.059118
26 0.170797 0.446503 0.030188 0.054086
32 0.219433 0.448390 0.026834 0.047797
14 0.266392 0.447132 0.035219 0.060375
27 0.317543 0.442730 0.035219 0.046539
29 0.368275 0.452164 0.039412 0.060375
34 0.418588 0.450906 0.039412 0.055344
30 0.471416 0.462855 0.041089 0.079243
18 0.518375 0.457195 0.037735 0.060375
24 0.567011 0.456566 0.031026 0.059118
25 0.620678 0.458453 0.046120 0.070438
42 0.758199 0.537066 0.086370 0.056602
39 0.123000 0.599957 0.090563 0.054086
38 0.111260 0.518828 0.075469 0.052828
10 0.182537 0.518199 0.035219 0.051571
28 0.230753 0.521344 0.029349 0.062891
13 0.282324 0.521344 0.048636 0.057860
15 0.327605 0.522602 0.038573 0.060375
16 0.379176 0.525117 0.044443 0.060375
17 0.431166 0.528262 0.036058 0.061633
19 0.480221 0.526375 0.041927 0.047797
20 0.526760 0.530148 0.041089 0.060375
21 0.579170 0.532035 0.038573 0.054086
35 0.201404 0.594926 0.037735 0.056602
33 0.253394 0.594926 0.034380 0.056602
12 0.300353 0.595555 0.046120 0.055344
31 0.354439 0.594297 0.041927 0.047797
11 0.398882 0.604360 0.033542 0.060375
23 0.454226 0.601844 0.031865 0.050313
22 0.504539 0.603731 0.035219 0.061633
39 0.740171 0.610020 0.117397 0.054086
40 0.087362 0.670395 0.041089 0.059118
41 0.222368 0.672282 0.054506 0.055344
44 0.411041 0.676685 0.302715 0.084274
41 0.595102 0.682974 0.048636 0.059118
40 0.788387 0.689263 0.037735 0.059118
