0 0.852774 0.365868 0.038231 0.083744
1 0.162487 0.361317 0.049761 0.081923
2 0.238950 0.362682 0.052189 0.073731
3 0.310861 0.369964 0.046727 0.086475
4 0.392178 0.372695 0.049154 0.088295
5 0.470461 0.368599 0.049154 0.085565
6 0.547531 0.363592 0.047941 0.084654
7 0.624600 0.363137 0.045513 0.074641
8 0.704704 0.370874 0.049154 0.084654
9 0.782683 0.366323 0.050975 0.084654
10 0.218014 0.598440 0.055223 0.079193
11 0.570894 0.715863 0.050975 0.084654
12 0.410384 0.714953 0.049154 0.079193
13 0.373670 0.598440 0.048548 0.079193
14 0.353947 0.479196 0.049154 0.082834
15 0.449525 0.597985 0.047334 0.080103
16 0.529022 0.602081 0.058257 0.097398
17 0.609429 0.599350 0.050368 0.082834
18 0.737473 0.489208 0.067360 0.090116
19 0.684678 0.609818 0.060078 0.092847
20 0.765388 0.607997 0.060078 0.098308
21 0.833962 0.606632 0.052796 0.084654
22 0.722909 0.723601 0.060078 0.091026
23 0.644019 0.723601 0.054009 0.091026
24 0.818790 0.484657 0.062505 0.077372
25 0.893736 0.483747 0.050975 0.090116
26 0.197685 0.480561 0.050975 0.083744
27 0.427982 0.483292 0.052796 0.080103
28 0.294780 0.597074 0.054616 0.081923
29 0.507782 0.485567 0.058257 0.084654
30 0.664045 0.484657 0.058864 0.082834
31 0.489274 0.719504 0.057650 0.088295
32 0.276878 0.486933 0.052796 0.081923
33 0.329370 0.721780 0.054616 0.092847
34 0.581817 0.483747 0.050975 0.084654
35 0.250783 0.722235 0.051582 0.091936
36 0.085115 0.228874 0.055223 0.079193
37 0.102410 0.486023 0.088599 0.080103
38 0.107265 0.598440 0.116514 0.073731
39 0.122132 0.720870 0.154745 0.078282
40 0.072371 0.835563 0.057650 0.083744
41 0.276271 0.843755 0.066146 0.080103
41 0.872193 0.836928 0.067360 0.088295
44 0.580604 0.839659 0.476980 0.093757
